  5 28 28 37.70 38.39 39.31 180208 0.00 0.00 0.00     0 35.82 37.81 39.09 59971 12922 1.009
  5 28 28 37.70 38.39 39.31 180208 0.00 0.00 0.00     0 35.72 37.83 39.07 61889 14720 0.979
  5 28 28 37.70 38.39 39.31 180208 0.00 0.00 0.00     0 35.80 37.82 39.09 60416 13546 0.945
  5 28 28 37.70 38.39 39.31 180208 0.00 0.00 0.00     0 35.80 37.82 39.09 60416 13546 0.948
  5 28 28 37.70 38.39 39.31 180208 0.00 0.00 0.00     0 35.80 37.82 39.09 60416 13546 0.960
  5 28 28 37.70 38.39 39.31 180208 0.00 0.00 0.00     0 35.80 37.82 39.09 60416 13546 0.961
  5 28 28 37.70 38.39 39.31 180208 0.00 0.00 0.00     0 35.80 37.82 39.09 60416 13546 0.927
  5 28 28 37.70 38.39 39.31 180208 0.00 0.00 0.00     0 35.80 37.82 39.09 60416 13546 0.963
  5 28 28 37.70 38.39 39.31 180208 0.00 0.00 0.00     0 35.80 37.82 39.09 60416 13546 0.924
  5 28 28 37.70 38.39 39.31 180208 0.00 0.00 0.00     0 35.80 37.82 39.09 60416 13546 0.819
  5 28 28 37.70 38.39 39.31 180208 0.00 0.00 0.00     0 35.80 37.82 39.09 60416 13546 36.337
  5 28 28 37.70 38.39 39.31 180208 0.00 0.00 0.00     0 35.80 37.82 39.09 60416 13546 484.724
  5 28 28 37.70 38.39 39.31 180208 0.00 0.00 0.00     0 35.95 37.83 39.11 56720 11146 2.237
  5 28 28 37.70 38.39 39.31 180208 0.00 0.00 0.00     0 35.95 37.83 39.11 56720 11146 2.248
 30 28 28 37.70 38.39 39.31 180208 0.00 0.00 0.00     0 34.51 37.00 38.53 31594 15527 3.233
 30 28 28 37.70 38.39 39.31 180208 0.00 0.00 0.00     0 34.71 37.02 38.55 27521 12815 3.275
 30 28 28 37.70 38.39 39.31 180208 0.00 0.00 0.00     0 34.71 37.02 38.55 27521 12815 3.397
 30 28 28 37.70 38.39 39.31 180208 0.00 0.00 0.00     0 34.51 37.00 38.53 31594 15527 3.189
  3 28 28 37.70 38.39 39.31 180208 0.00 0.00 0.00     0 36.53 38.09 39.22 80528  5056 1.528
  3 28 28 37.70 38.39 39.31 180208 0.00 0.00 0.00     0 36.53 38.09 39.22 80528  5056 1.576
  3 28 28 37.70 38.39 39.31 180208 0.00 0.00 0.00     0 36.53 38.09 39.22 80528  5056 1.573
  3 28 28 37.70 38.39 39.31 180208 0.00 0.00 0.00     0 36.53 38.09 39.22 80528  5056 1.581
  3 28 28 37.70 38.39 39.31 180208 0.00 0.00 0.00     0 36.53 38.09 39.22 80528  5056 1.552
  3 28 28 37.70 38.39 39.31 180208 0.00 0.00 0.00     0 36.53 38.09 39.22 80528  5056 1.510
  3 28 28 37.70 38.39 39.31 180208 0.00 0.00 0.00     0 36.53 38.09 39.22 80528  5056 1.806
  3 28 28 37.70 38.39 39.31 180208 0.00 0.00 0.00     0 36.53 38.09 39.22 80528  5056 1.528
  3 28 28 37.70 38.39 39.31 180208 0.00 0.00 0.00     0 36.53 38.09 39.23 80648  5464 1.281
  3 28 28 37.70 38.39 39.31 180208 0.00 0.00 0.00     0 36.53 38.09 39.23 80648  5464 1.471
  3 28 28 37.70 38.39 39.31 180208 0.00 0.00 0.00     0 36.53 38.09 39.22 80528  5056 1.274
  3 28 28 37.70 38.39 39.31 180208 0.00 0.00 0.00     0 36.53 38.09 39.23 80648  5464 1.321
  3 28 28 37.70 38.39 39.31 180208 0.00 0.00 0.00     0 36.44 38.06 39.22 81189  7088 40.369
  3 28 28 37.70 38.39 39.31 180208 0.00 0.00 0.00     0 36.44 38.06 39.22 81189  7088 1.133
  3 28 28 37.70 38.39 39.31 180208 0.00 0.00 0.00     0 36.44 38.06 39.22 81189  7088 121.026
  3 28 28 37.70 38.39 39.31 180208 0.00 0.00 0.00     0 36.44 38.06 39.22 81189  7088 11.674
  3 28 28 37.70 38.39 39.31 180208 0.00 0.00 0.00     0 36.44 38.06 39.22 81189  7088 1.138
  3 28 28 37.70 38.39 39.31 180208 0.00 0.00 0.00     0 36.49 38.06 39.21 77568  4960 1.420
  3 28 28 37.70 38.39 39.31 180208 0.00 0.00 0.00     0 36.45 38.08 39.21 81197  7064 1.230
  3 28 28 37.70 38.39 39.31 180208 0.00 0.00 0.00     0 36.45 38.09 39.22 81053  7000 1.172
  3 28 28 37.70 38.39 39.31 180208 0.00 0.00 0.00     0 36.45 38.09 39.22 81053  7000 1.246
  3 28 28 37.70 38.39 39.31 180208 0.00 0.00 0.00     0 36.45 38.07 39.21 81088  6784 1.131
  3 28 28 37.70 38.39 39.31 180208 0.00 0.00 0.00     0 36.45 38.08 39.21 81197  7064 1.129
  3 28 28 37.70 38.39 39.31 180208 0.00 0.00 0.00     0 36.45 38.08 39.21 81197  7064 6.064
  3 28 28 37.70 38.39 39.31 180208 0.00 0.00 0.00     0 36.45 38.08 39.21 81192  7064 1.204
  3 28 28 37.70 38.39 39.31 180208 0.00 0.00 0.00     0 36.45 38.08 39.21 81192  7064 1.120
  3 28 28 37.70 38.39 39.31 180208 0.00 0.00 0.00     0 36.45 38.08 39.21 81197  7064 1.137
  3 28 28 37.70 38.39 39.31 180208 0.00 0.00 0.00     0 36.45 38.08 39.21 81197  7064 1.172
  3 28 28 37.70 38.39 39.31 180208 0.00 0.00 0.00     0 36.45 38.08 39.21 81197  7064 1.134
  3 28 28 37.70 38.39 39.31 180208 0.00 0.00 0.00     0 36.45 38.08 39.21 81197  7064 1.134
  3 28 28 37.70 38.39 39.31 180208 0.00 0.00 0.00     0 36.45 38.08 39.21 81197  7064 3.216
  3 28 28 37.70 38.39 39.31 180208 0.00 0.00 0.00     0 36.45 38.08 39.22 81256  7120 2.888
  3 28 28 37.70 38.39 39.31 180208 0.00 0.00 0.00     0 36.45 38.08 39.22 81256  7120 1.134
